31 31 31 31 31 31 31 20 20 31 31 31 31 31 31 31
31 00 00 00 00 00 00 00 10 10 10 10 00 00 00 31
31 00 20 20 20 20 20 00 00 00 00 10 10 10 00 31
31 00 20 00 00 00 20 00 00 00 00 00 00 10 00 31
20 00 20 00 00 00 20 00 00 00 00 00 00 10 00 20
20 00 20 20 20 20 20 00 00 00 00 00 00 10 00 20
20 20 20 20 20 20 20 20 20 00 00 00 10 10 20 20
20 00 00 00 00 00 00 20 20 00 00 00 00 00 00 20
20 00 00 00 00 00 00 20 20 00 00 00 00 00 00 20
31 00 00 00 00 00 00 20 20 00 00 00 00 00 00 31
31 00 00 00 00 00 00 20 20 00 00 00 00 00 00 31
31 31 31 31 31 31 31 20 20 31 31 31 31 31 31 31
