31 31 31 31 31 31 31 31 31 31 31 31 31 31 31 31
31 00 00 00 00 00 00 00 51 51 00 00 00 00 00 31
31 00 20 20 20 20 20 00 00 00 00 00 00 00 00 31
31 00 20 00 00 00 20 00 00 00 00 00 00 00 00 31
31 00 20 00 00 00 20 00 00 00 00 00 00 00 00 31
20 20 20 20 20 20 20 00 00 00 00 00 00 00 00 31
20 20 00 00 00 00 00 00 00 00 00 00 00 00 00 31
20 00 00 00 00 00 00 00 00 00 00 00 00 00 00 31
20 00 00 00 00 00 00 00 00 00 00 00 00 00 00 31
20 00 00 00 00 00 00 00 00 00 00 00 00 00 00 31
31 00 00 00 00 00 00 00 00 00 00 00 00 00 00 31
31 31 31 31 31 31 31 31 31 31 31 31 31 31 31 31
